image: full_corridor_first_pass.pgm
resolution: 0.020000
origin: [-20.880000, -66.320000, 0.000000]
negate: 0
occupied_thresh: 0.65
free_thresh: 0.196

