image: hallmap2.pgm
resolution: 0.020000
origin: [-54.800000, -33.680000, 0.000000]
negate: 0
occupied_thresh: 0.65
free_thresh: 0.196

