image: opti.pgm
resolution: 0.020000
origin: [-14.640000, -8.000000, 0.000000]
negate: 0
occupied_thresh: 0.65
free_thresh: 0.196

